function u=ddfun1(t)
  u = 2*2*2*204165.5 ./ (330.0 - 2.0*t).^3 + 2*10400.0 ./ (t-20.0).^3 ;
end

