function u=dfun1(t)
  u = 2*204165.5 ./ (330.0 - 2.0*t).^2  - 10400.0 ./ (t-20.0).^2 ;
end

