function u=fun1(t)
  u = 204165.5 ./ (330.0 - 2.0*t) + 10400.0 ./ (t-20.0) ;
end
